1, 593 414 108 26.37;
2, 629 449 112 26.44;
3, 647 486 113 26.31;
4, 663 520 112 26.37;
5, 678 552 114 26.37;
6, 696 581 112 26.37;
7, 711 609 113 26.37;
8, 725 635 114 26.37;
9, 736 657 112 26.31;
10, 743 675 112 26.31;
11, 747 689 112 26.31;
12, 751 700 113 26.25;
13, 752 707 113 26.31;
14, 752 710 112 26.31;
15, 752 713 114 26.31;
16, 751 714 112 26.31;
17, 750 713 113 26.31;
18, 749 712 112 26.25;
19, 747 711 113 26.25;
20, 746 708 112 26.25;
21, 745 705 112 26.31;
22, 744 702 112 26.31;
23, 742 696 112 26.37;
24, 741 687 112 26.31;
25, 740 678 112 26.31;
26, 738 665 112 26.31;
27, 737 649 112 26.31;
28, 735 632 114 26.25;
29, 733 612 113 26.31;
30, 733 593 112 26.31;
31, 732 573 114 26.25;
32, 730 555 112 26.31;
33, 729 539 112 26.25;
34, 728 526 112 26.25;
35, 727 517 113 26.25;
36, 725 510 113 26.25;
37, 723 504 113 26.25;
38, 723 495 112 26.25;
39, 721 482 114 26.31;
40, 720 476 112 26.25;
41, 717 474 113 26.31;
42, 717 472 114 26.25;
43, 716 469 113 26.25;
44, 715 468 113 26.25;
45, 713 465 113 26.25;
46, 713 463 113 26.25;
47, 711 461 113 26.25;
48, 712 461 112 26.25;
49, 711 459 113 26.25;
50, 710 458 113 26.25;
51, 710 457 113 26.31;
52, 709 456 112 26.25;
53, 709 455 113 26.25;
54, 708 454 113 26.25;
55, 708 452 113 26.25;
56, 708 448 112 26.31;
57, 707 454 112 26.31;
58, 706 455 112 26.25;
59, 706 456 112 26.25;
60, 705 455 112 26.25;
61, 704 446 112 26.25;
62, 704 441 112 26.31;
63, 704 445 112 26.25;
64, 704 446 112 26.25;
65, 704 445 112 26.25;
66, 702 444 112 26.25;
67, 703 442 112 26.25;
68, 701 443 113 26.25;
69, 701 443 112 26.25;
70, 699 441 112 26.25;
71, 699 440 112 26.25;
72, 697 439 113 26.25;
73, 698 439 113 26.25;
74, 697 437 113 26.25;
75, 697 435 112 26.19;
76, 696 435 112 26.19;
77, 696 435 112 26.19;
78, 695 433 113 26.19;
79, 694 433 114 26.19;
80, 694 433 114 26.19;
81, 694 432 113 26.19;
82, 693 432 112 26.19;
83, 693 431 113 26.19;
84, 693 431 112 26.19;
85, 692 431 112 26.19;
86, 693 430 112 26.19;
87, 692 430 113 26.25;
88, 692 431 112 26.19;
89, 691 430 113 26.19;
90, 690 429 113 26.19;
91, 690 429 112 26.12;
92, 689 428 113 26.19;
93, 690 429 113 26.19;
94, 690 429 113 26.19;
95, 688 436 113 26.19;
96, 688 417 113 26.19;
97, 688 408 114 26.19;
98, 688 407 112 26.12;
99, 687 406 113 26.19;
100, 686 404 113 26.19;
101, 686 412 113 26.19;
102, 686 416 113 26.19;
103, 686 419 112 26.19;
104, 685 420 112 26.19;
105, 685 423 113 26.19;
106, 684 423 112 26.25;
107, 684 425 114 26.19;
108, 685 425 112 26.19;
109, 684 426 112 26.25;
110, 684 426 112 26.12;
111, 684 427 114 26.19;
112, 682 427 113 26.19;
113, 682 430 113 26.19;
114, 0 424 113 26.19;
115, 682 410 112 26.19;
116, 681 405 113 26.12;
117, 679 400 114 26.12;
118, 677 401 113 26.19;
119, 676 402 113 26.19;
120, 675 398 114 26.19;
121, 674 393 112 26.19;
122, 672 393 113 26.12;
123, 671 389 112 26.19;
124, 671 387 113 26.19;
125, 670 386 113 26.19;
126, 670 385 113 26.19;
127, 670 386 112 26.19;
128, 668 383 113 26.19;
129, 669 381 112 26.19;
130, 667 380 112 26.12;
131, 0 112 26 26.12;
132, 668 378 112 26.12;
133, 668 377 112 26.19;
134, 667 376 113 26.19;
135, 667 375 113 26.12;
136, 668 373 113 26.19;
137, 668 372 112 26.19;
138, 667 370 113 26.19;
139, 667 371 113 26.19;
140, 667 370 112 26.19;
141, 667 370 113 26.19;
142, 668 369 112 26.12;
143, 667 369 112 26.19;
144, 667 370 112 26.19;
145, 667 374 113 26.19;
146, 669 378 112 26.12;
147, 669 377 112 26.12;
148, 669 374 113 26.12;
149, 670 371 113 26.19;
150, 670 369 112 26.12;
151, 671 375 114 26.19;
152, 670 375 113 26.19;
153, 671 374 113 26.12;
154, 671 370 113 26.19;
155, 671 368 111 26.19;
156, 670 365 112 26.19;
157, 670 366 113 26.19;
158, 670 366 113 26.19;
159, 671 364 112 26.19;
160, 671 364 113 26.19;
161, 672 363 112 26.19;
162, 671 362 112 26.19;
163, 671 362 112 26.19;
164, 672 365 112 26.19;
165, 672 364 113 26.12;
166, 671 364 112 26.12;
167, 672 97 106 26.19;
168, 680 622 107 26.25;
169, 688 964 107 26.19;
170, 695 130 106 26.12;
171, 700 791 106 26.19;
172, 703 816 106 26.19;
173, 706 155 107 26.19;
174, 707 1000 106 26.19;
175, 708 160 106 26.19;
176, 709 1007 106 26.19;
177, 709 134 106 26.19;
178, 709 791 106 26.12;
179, 709 854 106 26.19;
180, 709 148 107 26.19;
181, 709 1023 106 26.19;
182, 708 577 106 26.12;
183, 708 202 106 26.12;
184, 707 1008 107 26.12;
185, 707 133 106 26.12;
186, 707 651 107 26.12;
187, 706 1001 107 26.25;
188, 706 147 106 26.12;
189, 705 1023 107 26.19;
190, 705 123 105 26.19;
191, 704 483 106 26.12;
192, 704 458 106 26.19;
193, 704 402 106 26.19;
194, 703 1003 107 26.12;
195, 703 148 105 26.19;
196, 703 1014 106 26.19;
197, 702 127 106 26.12;
198, 702 558 106 26.19;
199, 701 886 106 26.12;
200, 701 151 106 26.12;
201, 701 1017 106 26.12;
202, 700 135 106 26.12;
203, 700 576 105 26.12;
204, 700 877 106 26.12;
205, 699 155 106 26.12;
206, 700 1001 106 26.12;
207, 699 135 106 26.19;
208, 699 1022 107 26.12;
209, 699 133 107 26.12;
210, 698 128 106 26.12;
211, 698 1023 107 26.12;
212, 698 123 106 26.06;
213, 697 449 105 26.12;
214, 697 1002 106 26.06;
215, 697 146 105 26.12;
216, 697 1023 106 26.06;
217, 697 408 106 26.06;
218, 696 162 105 26.12;
219, 695 1015 105 26.06;
220, 696 131 106 26.12;
221, 696 690 106 26.06;
222, 695 917 106 26.12;
223, 695 152 106 26.06;
224, 695 1000 106 26.12;
225, 695 122 106 26.12;
226, 695 1016 107 26.06;
227, 694 125 106 26.06;
228, 694 907 107 26.06;
229, 694 115 105 26.06;
230, 694 494 106 26.06;
231, 694 896 107 26.06;
232, 694 152 106 26.06;
233, 694 1018 106 26.06;
234, 694 230 106 26.12;
235, 694 390 106 26.06;
236, 694 1003 106 26.06;
237, 693 138 106 26.06;
238, 694 612 106 26.06;
239, 693 939 106 26.06;
240, 693 144 106 26.;
241, 693 1022 107 26.;
242, 693 340 106 26.06;
243, 693 382 107 26.06;
244, 693 997 106 26.;
245, 693 132 106 26.;
246, 693 685 105 26.;
247, 693 344 106 26.06;
248, 692 998 106 26.06;
249, 692 123 106 26.06;
250, 692 721 106 26.;
251, 692 749 106 26.;
252, 692 191 106 26.;
253, 692 1003 106 26.;
254, 692 128 107 26.;
255, 692 1016 106 26.;
256, 692 120 106 26.06;
257, 692 371 105 26.06;
258, 691 1003 106 26.;
259, 692 133 105 26.06;
260, 692 870 106 26.06;
261, 691 858 107 26.;
262, 692 129 105 26.;
263, 691 745 107 26.06;
264, 692 891 106 26.06;
265, 691 299 105 26.06;
266, 691 1016 106 26.06;
267, 691 127 106 26.06;
268, 692 518 106 26.;
269, 691 1000 106 26.06;
270, 691 127 106 26.06;
271, 691 264 105 26.;
272, 691 1014 107 26.06;
273, 691 806 105 26.06;
274, 691 127 105 26.06;
275, 691 151 105 26.12;
276, 691 589 107 26.06;
277, 691 1017 106 26.06;
278, 691 847 105 26.06;
279, 691 127 105 26.06;
280, 691 145 106 26.06;
281, 690 558 106 26.06;
282, 690 1017 106 26.06;
283, 690 118 105 26.06;
284, 690 378 106 26.06;
285, 690 1011 105 26.;
286, 690 200 106 26.06;
287, 690 275 106 26.12;
288, 690 1012 106 26.06;
289, 690 125 106 26.06;
290, 690 204 106 26.06;
291, 690 1023 106 26.06;
292, 690 596 107 26.06;
293, 690 134 105 26.06;
294, 690 256 106 26.06;
295, 690 1013 105 26.06;
296, 690 906 106 26.06;
297, 690 238 105 26.;
298, 690 134 106 26.12;
299, 690 212 105 26.06;
300, 690 897 106 26.06;
301, 690 840 106 26.;
302, 689 394 106 26.06;
303, 689 120 106 26.06;
304, 689 154 106 26.06;
305, 689 687 105 26.06;
306, 689 1020 107 26.06;
307, 689 857 106 26.06;
308, 689 124 106 26.06;
309, 689 153 106 26.;
310, 689 500 105 26.06;
311, 689 1018 106 26.06;
312, 689 751 106 26.;
313, 689 122 105 26.06;
314, 689 141 106 26.06;
315, 689 196 106 26.06;
316, 689 604 106 26.12;
317, 689 1017 106 26.06;
318, 689 946 106 26.;
319, 689 129 106 26.06;
320, 689 128 105 26.06;
321, 689 150 106 26.06;
322, 689 359 107 26.06;
323, 689 549 105 26.06;
324, 688 1018 106 26.12;
325, 689 1000 106 26.06;
326, 688 804 106 26.06;
327, 689 705 105 26.06;
328, 688 364 105 26.12;
329, 688 119 107 26.06;
330, 689 132 106 26.06;
331, 688 144 107 26.06;
332, 689 162 105 26.06;
333, 689 575 106 26.06;
334, 689 1015 107 26.06;
335, 689 806 106 26.06;
336, 689 120 106 26.06;
337, 688 183 106 26.06;
338, 689 448 106 26.06;
339, 689 1012 106 26.06;
340, 688 530 105 26.06;
341, 688 138 105 26.06;
342, 688 382 105 26.12;
343, 688 1017 106 26.06;
344, 688 987 105 26.06;
345, 688 537 105 26.12;
346, 688 126 106 26.06;
347, 688 269 106 26.06;
348, 688 826 106 26.06;
349, 688 1000 106 26.06;
350, 688 141 105 26.06;
351, 688 155 106 26.06;
352, 688 557 107 26.12;
353, 688 1020 106 26.12;
354, 688 728 106 26.12;
355, 688 127 105 26.06;
356, 688 387 107 26.06;
357, 688 978 106 26.06;
358, 688 999 106 26.06;
359, 688 613 106 26.06;
360, 688 130 106 26.12;
361, 688 151 106 26.06;
362, 688 775 106 26.06;
363, 688 1001 106 26.12;
364, 688 438 106 26.06;
365, 688 128 106 26.06;
366, 688 283 105 26.06;
367, 688 1020 106 26.12;
368, 688 942 106 26.12;
369, 687 509 105 26.12;
370, 688 133 106 26.06;
371, 688 299 105 26.12;
372, 688 1023 105 26.06;
373, 688 947 106 26.06;
374, 688 130 106 26.06;
375, 688 363 106 26.06;
376, 688 1016 106 26.06;
377, 687 890 106 26.12;
378, 688 259 106 26.12;
379, 688 140 105 26.06;
380, 687 270 105 26.06;
381, 688 511 106 26.06;
382, 687 805 106 26.06;
383, 687 1012 106 26.06;
384, 688 748 105 26.06;
385, 687 259 105 26.06;
386, 687 128 106 26.06;
387, 687 265 106 26.06;
388, 687 832 106 26.06;
389, 687 1019 106 26.06;
390, 687 963 105 26.06;
391, 687 561 105 26.06;
392, 687 150 105 26.06;
393, 687 412 106 26.06;
394, 687 884 106 26.06;
395, 687 1000 107 26.06;
396, 687 556 106 26.;
397, 687 122 106 26.06;
398, 687 127 106 26.06;
399, 688 229 106 26.06;
400, 687 804 106 26.06;
401, 687 1007 107 26.;
402, 688 707 106 26.06;
403, 688 122 105 26.;
404, 688 150 106 26.06;
405, 688 439 105 26.06;
406, 688 800 106 26.06;
407, 687 1018 105 26.06;
408, 688 953 105 26.06;
409, 687 640 106 26.06;
410, 687 133 106 26.06;
411, 688 163 106 26.06;
412, 687 603 105 26.06;
413, 688 1016 107 26.;
414, 688 855 105 26.06;
415, 688 118 106 26.06;
416, 688 148 106 26.;
417, 687 579 107 26.06;
418, 687 1020 106 26.06;
419, 688 881 105 26.12;
420, 687 130 106 26.06;
421, 687 141 106 26.06;
422, 687 230 106 26.06;
423, 688 526 105 26.06;
424, 687 1023 105 26.06;
425, 687 890 106 26.06;
426, 687 636 106 26.06;
427, 687 285 105 26.06;
428, 687 203 106 26.06;
429, 687 688 106 26.06;
430, 687 1018 106 26.06;
431, 687 838 105 26.06;
432, 688 125 106 26.06;
433, 687 209 106 26.06;
434, 687 822 107 26.06;
435, 687 1007 106 26.06;
436, 687 349 106 26.06;
437, 687 145 106 26.06;
438, 687 509 105 26.06;
439, 687 1019 107 26.06;
440, 687 803 106 26.06;
441, 687 127 106 26.06;
442, 687 148 105 26.;
443, 687 448 106 26.06;
444, 687 1019 107 26.06;
445, 687 839 105 26.06;
446, 687 119 106 26.;
447, 687 218 105 26.06;
448, 687 131 106 26.;
449, 687 208 105 26.06;
450, 687 709 106 26.06;
451, 687 1012 105 26.06;
452, 687 863 105 26.06;
453, 687 283 106 26.;
454, 687 131 106 26.;
455, 687 247 106 26.06;
456, 687 633 106 26.;
457, 687 1011 106 26.06;
458, 687 557 106 26.06;
459, 687 133 105 26.;
460, 687 321 105 26.06;
461, 687 1012 105 26.;
462, 687 649 106 26.06;
463, 687 140 106 26.;
464, 687 387 106 26.06;
465, 687 990 106 26.06;
466, 687 128 106 26.;
467, 687 209 106 26.;
468, 687 1018 106 26.;
469, 687 488 106 26.06;
470, 687 153 106 26.06;
471, 687 1016 106 26.06;
472, 688 567 105 26.;
473, 687 143 105 26.06;
474, 687 755 106 26.;
475, 688 995 106 26.06;
476, 687 336 106 26.06;
477, 687 149 106 26.;
478, 688 1010 106 26.;
479, 687 593 106 26.;
480, 688 138 106 26.;
481, 687 639 106 25.94;
482, 687 991 107 26.;
483, 688 144 105 26.;
484, 688 910 106 26.;
485, 688 953 106 26.;
486, 688 130 105 26.;
487, 688 723 105 26.;
488, 687 914 107 26.;
489, 688 125 105 26.;
490, 687 704 106 26.;
491, 687 866 106 26.06;
492, 688 149 105 26.06;
493, 688 1020 105 26.;
494, 687 376 105 26.;
495, 687 1000 106 26.;
496, 687 121 106 26.;
497, 687 202 106 26.;
498, 687 1014 106 26.;
499, 687 777 107 26.;
500, 687 127 105 26.06;
501, 687 271 106 26.06;
502, 687 1016 105 26.06;
503, 686 844 107 26.;
504, 687 161 106 26.;
505, 687 142 106 26.06;
506, 687 617 105 26.;
507, 687 999 105 26.;
508, 687 843 106 26.;
509, 687 230 106 26.;
510, 687 145 106 26.;
511, 687 632 107 26.;
512, 687 1001 107 26.;
513, 687 522 106 26.06;
514, 687 145 105 26.;
515, 687 427 106 26.;
516, 687 1015 106 26.06;
517, 687 837 107 26.;
518, 687 235 107 26.;
519, 686 405 106 26.06;
520, 687 1021 106 26.06;
521, 687 828 105 26.;
522, 687 124 106 26.;
523, 686 161 105 26.;
524, 687 782 107 26.;
525, 687 1011 105 26.;
526, 687 518 106 26.06;
527, 687 143 106 26.;
528, 687 564 106 26.06;
529, 687 1012 106 26.;
530, 687 592 107 26.06;
531, 687 138 106 26.;
532, 687 633 106 26.06;
533, 687 1010 105 26.;
534, 686 369 107 26.06;
535, 687 151 107 26.;
536, 687 1023 106 26.06;
537, 687 431 106 26.06;
538, 687 144 106 26.;
539, 687 1014 107 26.;
540, 687 353 106 26.;
541, 687 170 106 26.06;
542, 687 1017 106 26.;
543, 687 254 106 26.06;
544, 686 301 105 26.;
545, 687 1011 107 26.06;
546, 687 458 106 26.;
547, 687 154 106 26.06;
548, 687 1016 106 26.;
549, 687 519 107 26.;
550, 687 154 106 26.;
551, 687 1003 106 26.;
552, 686 150 106 26.06;
553, 687 1000 106 26.;
554, 686 150 107 26.06;
555, 687 709 106 26.06;
556, 687 369 106 26.06;
557, 687 993 106 26.06;
558, 687 128 105 26.06;
559, 687 1020 107 26.;
560, 687 119 106 26.06;
561, 687 443 106 26.;
562, 687 1000 106 26.06;
563, 686 136 105 26.;
564, 687 581 106 26.06;
565, 687 999 106 26.;
566, 687 657 106 26.;
567, 686 144 105 26.06;
568, 687 858 106 26.;
569, 687 912 107 26.;
570, 687 117 106 26.;
571, 686 451 105 26.;
572, 687 996 106 26.06;
573, 687 126 105 26.;
574, 687 961 106 26.06;
575, 687 962 106 26.;
576, 687 127 105 26.;
577, 687 429 106 26.06;
578, 687 1014 106 26.06;
579, 686 615 105 26.06;
580, 687 140 106 26.;
581, 687 472 105 26.;
582, 687 1019 106 26.06;
583, 687 889 105 26.06;
584, 686 119 106 26.06;
585, 687 153 105 26.06;
586, 687 863 106 26.06;
587, 687 1000 107 26.;
588, 687 175 105 26.;
589, 687 153 106 26.;
590, 687 1023 106 26.06;
591, 687 743 106 26.;
592, 687 344 105 26.06;
593, 687 1005 105 26.;
594, 687 119 106 26.;
595, 687 458 105 26.;
596, 687 996 105 26.;
597, 687 125 105 26.;
598, 687 595 105 26.06;
599, 687 999 105 26.06;
600, 687 119 107 26.06;
601, 687 511 106 26.06;
602, 687 991 106 26.06;
603, 687 115 105 26.;
604, 687 273 106 26.06;
605, 687 998 106 26.06;
606, 687 110 105 26.06;
607, 686 346 105 26.06;
608, 687 995 106 26.;
609, 687 145 105 26.06;
610, 687 703 106 26.;
611, 687 422 106 26.06;
612, 687 774 106 26.06;
613, 687 496 105 26.06;
614, 687 581 106 26.;
615, 687 627 106 26.06;
616, 687 758 106 26.;
617, 687 163 106 26.;
618, 687 1001 106 26.06;
619, 687 143 105 26.06;
620, 687 1014 106 26.06;
621, 686 239 105 26.06;
622, 686 551 107 26.06;
623, 687 837 106 26.06;
624, 686 150 105 26.06;
625, 686 1007 106 26.;
626, 686 149 106 26.;
627, 686 997 106 26.;
628, 686 251 106 26.06;
629, 686 994 106 26.06;
630, 687 146 105 26.06;
631, 686 1001 106 26.06;
632, 686 141 106 26.;
633, 687 1011 106 26.;
634, 686 142 106 26.06;
635, 687 1012 105 26.06;
636, 687 130 105 26.06;
637, 687 1016 106 26.06;
638, 687 126 105 26.06;
639, 686 846 106 26.06;
640, 686 763 106 26.06;
641, 687 153 105 26.;
642, 687 1005 106 26.06;
643, 687 149 105 26.;
644, 687 1018 106 26.06;
645, 686 127 106 26.;
646, 687 1001 105 26.;
647, 687 153 106 26.;
648, 687 1002 105 26.06;
649, 687 143 105 26.06;
650, 687 1006 105 26.06;
651, 687 136 106 26.06;
652, 687 1015 106 26.;
653, 686 132 105 26.;
654, 687 676 106 26.06;
655, 687 758 106 26.06;
656, 687 148 106 26.;
657, 687 1013 106 26.;
658, 686 129 106 26.;
659, 686 1016 106 26.;
660, 686 119 105 26.;
661, 686 576 106 26.;
662, 686 771 105 26.;
663, 686 235 106 26.;
664, 686 863 106 26.;
665, 686 140 105 26.;
666, 686 1010 106 26.;
667, 686 142 106 26.;
668, 686 1012 106 26.;
669, 686 137 105 26.;
670, 686 1000 106 26.;
671, 686 322 106 26.;
672, 686 890 105 26.;
673, 686 192 105 26.;
674, 686 949 106 25.94;
675, 686 201 105 26.;
676, 686 966 106 26.;
677, 687 138 105 26.;
678, 687 1017 106 26.;
679, 687 135 105 26.;
680, 686 1014 105 26.;
681, 687 128 106 26.;
682, 687 1009 106 26.;
683, 687 143 106 26.;
684, 687 1019 106 26.;
685, 686 119 106 26.;
686, 686 1011 105 26.;
687, 687 125 106 26.;
688, 687 806 105 26.;
689, 687 730 106 26.;
690, 687 299 106 26.;
691, 687 982 107 26.;
692, 687 142 105 26.;
693, 687 1020 106 26.;
694, 687 119 106 26.;
695, 687 826 105 26.;
696, 687 607 106 26.;
697, 687 287 106 25.94;
698, 687 992 106 25.94;
699, 686 146 106 26.;
700, 687 1003 106 26.;
701, 686 359 106 26.;
702, 686 990 105 25.94;
703, 686 144 106 25.94;
704, 687 1008 106 26.;
705, 686 134 106 25.94;
706, 687 1023 106 26.;
707, 687 130 105 26.;
708, 686 1011 106 26.;
709, 687 128 106 26.;
710, 687 1014 106 25.94;
711, 687 134 106 26.;
712, 687 1020 106 25.94;
713, 686 125 106 25.94;
714, 686 784 105 25.94;
715, 687 657 105 25.94;
716, 687 289 106 26.;
717, 687 999 106 26.;
718, 687 125 105 25.94;
719, 687 998 106 26.;
720, 686 128 105 25.94;
721, 686 857 106 25.94;
722, 686 694 106 25.94;
723, 686 387 105 25.94;
724, 687 825 106 25.94;
725, 687 294 105 25.94;
726, 686 984 106 25.94;
727, 686 165 106 26.;
728, 686 960 105 26.;
729, 686 202 106 25.94;
730, 687 992 106 25.94;
731, 686 148 106 25.94;
732, 686 992 105 25.94;
733, 686 153 105 25.94;
734, 687 998 106 25.94;
735, 686 144 105 25.94;
736, 686 1004 105 25.94;
737, 687 495 107 25.94;
738, 687 896 106 26.;
739, 687 144 106 26.;
740, 687 117 106 25.94;
741, 686 799 106 26.;
742, 686 763 106 25.94;
743, 686 170 105 26.;
744, 685 993 105 25.94;
745, 686 142 106 25.94;
746, 686 1022 106 25.94;
747, 685 259 106 25.94;
748, 685 576 105 25.87;
749, 685 808 106 25.94;
750, 685 148 106 25.87;
751, 686 1015 106 25.94;
752, 686 137 105 25.94;
753, 685 1012 106 25.94;
754, 686 140 107 25.94;
755, 686 989 106 25.94;
756, 685 150 107 25.94;
757, 686 995 107 25.87;
758, 686 143 106 25.94;
759, 686 1015 106 25.87;
760, 686 147 106 25.94;
761, 686 992 106 25.94;
762, 686 143 106 25.94;
763, 687 1019 107 25.94;
764, 686 134 106 25.94;
765, 687 1016 107 25.94;
766, 687 126 106 25.94;
767, 687 683 106 25.94;
768, 687 817 107 25.94;
769, 687 150 106 26.;
770, 687 997 106 25.94;
771, 687 121 106 25.94;
772, 687 576 105 26.;
773, 687 123 106 26.;
774, 687 1013 106 25.94;
775, 687 123 107 25.94;
776, 687 1011 106 25.94;
777, 687 142 107 25.94;
778, 687 998 106 26.;
779, 687 150 106 26.;
780, 687 995 105 25.94;
781, 687 194 105 26.;
782, 687 866 106 25.94;
783, 687 292 106 25.94;
784, 687 877 107 26.;
785, 688 414 106 26.;
786, 688 563 105 25.94;
787, 687 658 107 25.94;
788, 687 477 105 26.;
789, 687 932 106 26.;
790, 687 124 106 26.;
791, 687 1003 107 26.;
792, 687 150 105 25.94;
793, 687 994 107 26.;
794, 687 151 107 26.;
795, 687 994 107 25.94;
796, 687 148 106 26.;
797, 687 988 106 25.94;
798, 687 269 107 25.94;
799, 687 723 106 26.;
800, 687 511 106 26.;
801, 687 592 106 26.;
802, 686 789 106 26.;
803, 687 149 106 25.94;
804, 686 832 106 26.;
805, 686 482 106 26.;
806, 687 703 106 26.;
807, 687 506 106 26.;
808, 686 548 106 26.06;
809, 0 897 106 26.06;
810, 686 1003 105 26.;
811, 686 1000 107 26.;
812, 686 993 106 25.94;
813, 687 994 105 26.;
814, 687 1000 106 26.;
815, 687 996 107 25.94;
816, 687 1006 106 26.;
817, 687 995 107 26.06;
818, 687 994 107 26.06;
819, 687 1001 107 26.;
820, 687 997 106 26.06;
821, 687 1010 106 26.06;
822, 687 1012 106 26.06;
823, 687 1014 106 26.06;
824, 687 1023 106 26.06;
825, 687 886 106 26.;
826, 687 558 106 26.;
827, 686 331 105 26.06;
828, 687 994 106 26.;
829, 687 142 105 26.;
830, 686 1009 106 26.06;
831, 686 130 106 26.06;
832, 686 850 106 26.06;
833, 686 673 105 26.06;
834, 686 215 106 26.06;
835, 686 998 106 26.06;
836, 686 125 105 26.;
837, 685 1012 107 26.;
838, 686 125 106 26.06;
839, 686 1011 106 26.;
840, 686 117 106 26.06;
841, 686 784 107 26.06;
842, 686 602 106 26.06;
843, 686 393 106 26.06;
844, 686 990 106 26.06;
845, 686 143 106 26.06;
846, 687 988 106 26.06;
847, 686 142 106 26.;
848, 686 1022 106 26.06;
849, 686 125 105 26.06;
850, 687 1018 106 26.06;
851, 687 122 105 26.06;
852, 686 818 105 26.06;
853, 687 819 106 26.06;
854, 687 150 106 26.06;
855, 687 1012 107 26.06;
856, 687 124 106 26.06;
857, 687 847 106 26.06;
858, 687 604 106 26.06;
859, 687 396 106 26.06;
860, 687 956 107 26.06;
861, 687 145 105 26.06;
862, 687 1002 106 26.06;
863, 687 173 105 26.06;
864, 687 992 106 26.06;
865, 687 149 106 26.06;
866, 687 1009 106 26.06;
867, 687 141 105 26.06;
868, 686 1019 106 26.06;
869, 687 335 105 26.06;
870, 687 497 106 26.06;
871, 686 896 107 26.06;
872, 686 144 107 26.06;
873, 686 1023 106 26.06;
874, 686 123 106 26.06;
875, 686 836 107 26.06;
876, 687 553 105 26.06;
877, 686 366 105 26.06;
878, 686 810 105 26.06;
879, 686 382 106 26.06;
880, 686 744 107 26.06;
881, 686 303 105 26.06;
882, 686 961 106 26.06;
883, 686 559 106 26.06;
884, 686 735 106 26.06;
885, 686 177 106 26.06;
886, 686 1003 106 26.06;
887, 686 144 106 26.06;
888, 685 1007 107 26.;
889, 686 131 106 26.;
890, 685 961 107 26.;
891, 685 390 106 26.;
892, 685 681 106 26.;
893, 685 736 106 26.06;
894, 685 241 106 26.06;
895, 686 956 105 26.06;
896, 686 150 106 26.;
897, 685 996 106 26.06;
898, 686 135 106 26.06;
899, 685 1010 107 26.;
900, 685 140 105 26.;
901, 685 992 105 26.06;
902, 686 140 106 26.;
903, 685 1001 106 26.;
904, 685 188 106 26.;
905, 686 989 105 26.;
906, 685 143 106 26.;
907, 685 1012 106 26.06;
908, 685 135 106 26.06;
909, 685 1012 106 26.;
910, 685 436 106 26.;
911, 685 399 106 26.06;
912, 685 950 106 26.;
913, 685 148 106 26.06;
914, 685 1006 106 26.;
915, 685 149 106 26.;
916, 685 995 106 26.;
917, 685 144 105 26.06;
918, 685 1012 106 26.06;
919, 684 151 106 26.;
920, 684 1008 106 26.;
921, 684 128 106 26.;
922, 684 570 107 26.;
923, 684 926 107 26.06;
924, 684 141 106 26.06;
925, 685 1023 106 26.;
926, 684 121 106 26.;
927, 684 1023 106 26.06;
928, 685 125 105 26.06;
929, 685 1016 106 26.06;
930, 685 142 106 26.;
931, 685 998 106 26.06;
932, 684 149 107 26.06;
933, 685 1000 105 26.;
934, 685 151 105 26.;
935, 684 1001 106 26.;
936, 685 152 106 26.06;
937, 684 892 106 26.06;
938, 684 148 106 26.06;
939, 684 1000 106 26.;
940, 685 185 106 26.;
941, 685 995 106 26.;
942, 684 124 106 26.;
943, 684 1001 107 26.06;
944, 684 161 105 26.06;
945, 684 990 106 26.;
946, 684 140 106 26.;
947, 684 1002 106 26.;
948, 684 149 105 26.;
949, 684 1001 107 26.;
950, 684 132 105 26.06;
951, 684 1018 106 25.94;
952, 684 129 105 26.06;
953, 684 1015 106 26.06;
954, 684 128 106 26.;
955, 684 920 106 26.06;
956, 684 435 106 26.;
957, 684 585 106 26.;
958, 684 700 106 26.;
959, 684 179 106 26.;
960, 684 1020 107 26.;
961, 684 129 106 26.;
962, 684 1020 106 26.06;
963, 683 132 106 26.;
964, 684 1015 107 26.;
965, 684 130 105 26.06;
966, 684 920 106 26.06;
967, 684 436 106 26.06;
968, 684 615 105 26.;
969, 684 615 106 26.;
970, 684 391 106 26.;
971, 684 854 106 26.;
972, 684 384 106 26.06;
973, 684 124 105 26.06;
974, 684 949 106 26.;
975, 684 443 106 26.06;
976, 684 706 106 26.;
977, 684 491 107 26.;
978, 684 431 105 26.;
979, 684 921 105 26.06;
980, 684 190 106 26.;
981, 684 966 106 26.06;
982, 684 176 105 26.;
983, 684 994 106 26.06;
984, 684 149 106 26.06;
985, 684 995 106 26.06;
986, 684 151 106 26.06;
987, 684 998 106 26.06;
988, 684 136 106 26.06;
989, 684 1013 106 26.06;
990, 684 148 106 26.06;
991, 684 1003 106 26.;
992, 684 311 106 26.06;
993, 684 814 106 26.06;
994, 684 405 106 26.06;
995, 684 830 106 26.06;
996, 684 289 105 26.06;
997, 684 758 106 26.;
998, 684 523 106 26.06;
999, 684 716 106 26.06;
1000, 684 324 106 26.;
1001, 683 871 106 26.06;
1002, 684 231 106 26.06;
1003, 683 129 105 26.;
1004, 683 1017 107 26.;
1005, 684 128 106 26.06;
1006, 683 1010 106 26.;
1007, 683 143 107 26.06;
1008, 683 1012 106 26.06;
1009, 683 147 106 26.06;
1010, 683 601 107 26.;
1011, 684 483 106 26.06;
1012, 683 786 105 26.;
1013, 683 416 106 26.;
1014, 683 687 105 26.;
1015, 683 399 106 26.;
1016, 683 794 106 26.06;
1017, 684 488 106 26.06;
1018, 684 594 106 26.06;
1019, 684 568 106 26.06;
1020, 684 828 106 26.06;
1021, 684 209 106 26.06;
1022, 684 994 107 26.06;
1023, 684 142 106 26.06;
1024, 684 1017 107 26.06;
1025, 684 128 106 26.06;
1026, 684 1020 106 26.06;
1027, 684 129 106 26.06;
1028, 684 995 106 26.06;
1029, 683 147 106 26.;
1030, 684 960 106 26.06;
1031, 684 267 107 26.06;
1032, 683 914 106 26.06;
1033, 684 343 106 26.06;
1034, 683 702 107 26.;
1035, 683 577 107 26.06;
1036, 683 653 106 26.;
1037, 683 434 105 26.06;
1038, 683 671 106 26.;
1039, 684 571 106 26.06;
1040, 683 684 106 26.06;
1041, 683 428 106 26.06;
1042, 684 587 106 26.06;
1043, 684 761 107 26.06;
1044, 683 207 105 26.;
1045, 683 795 106 26.06;
1046, 684 129 106 26.06;
1047, 683 1005 107 26.06;
1048, 684 141 106 26.06;
1049, 684 1003 107 26.06;
1050, 683 150 105 26.06;
1051, 684 977 105 26.06;
1052, 684 146 106 26.;
1053, 684 1007 106 26.06;
1054, 683 149 105 26.06;
1055, 684 981 105 26.06;
1056, 683 151 107 26.06;
1057, 684 994 106 26.06;
1058, 684 230 106 26.06;
1059, 684 767 106 26.06;
1060, 683 606 107 26.06;
1061, 683 486 106 26.06;
1062, 683 756 107 26.06;
1063, 684 118 106 26.06;
1064, 684 995 106 26.06;
1065, 684 148 106 26.06;
1066, 684 994 106 26.06;
1067, 683 230 105 26.06;
1068, 683 782 105 26.06;
1069, 683 399 106 26.06;
1070, 683 734 106 26.06;
1071, 683 633 106 26.06;
1072, 683 277 106 26.06;
1073, 683 1016 106 26.06;
1074, 684 126 105 26.06;
1075, 683 1000 106 26.06;
1076, 683 249 106 26.06;
1077, 683 759 106 26.12;
1078, 683 546 106 26.06;
1079, 683 120 106 26.06;
1080, 683 1002 106 26.;
1081, 683 547 106 26.;
1082, 683 354 106 26.06;
1083, 683 993 107 26.06;
1084, 683 272 106 26.06;
1085, 683 703 105 26.06;
1086, 683 469 106 26.06;
1087, 683 534 106 26.06;
1088, 683 814 106 26.06;
1089, 683 126 106 26.06;
1090, 683 903 106 26.06;
1091, 683 348 106 26.06;
1092, 683 1014 105 26.06;
1093, 683 133 105 26.06;
1094, 683 1001 106 26.06;
1095, 683 197 106 26.12;
1096, 683 784 106 26.06;
1097, 683 566 107 26.06;
1098, 683 584 106 26.06;
1099, 683 619 106 26.06;
1100, 683 240 107 26.06;
1101, 683 993 107 26.12;
1102, 683 144 106 26.;
1103, 683 995 106 26.06;
1104, 682 194 105 26.12;
1105, 683 855 105 26.06;
1106, 683 422 106 26.06;
1107, 683 746 106 26.12;
1108, 683 573 106 26.06;
1109, 683 421 107 26.06;
1110, 683 949 106 26.06;
1111, 683 275 106 26.12;
1112, 683 804 106 26.06;
1113, 683 170 106 26.12;
1114, 683 1016 106 26.12;
1115, 683 142 106 26.12;
1116, 683 998 106 26.12;
1117, 683 198 106 26.06;
1118, 683 720 106 26.12;
1119, 683 1014 107 26.06;
1120, 683 146 106 26.12;
1121, 683 933 107 26.06;
1122, 683 402 106 26.06;
1123, 683 760 106 26.06;
1124, 683 361 106 26.06;
1125, 683 767 106 26.12;
1126, 683 386 106 26.06;
1127, 683 797 106 26.12;
1128, 683 231 106 26.12;
1129, 683 982 106 26.06;
1130, 683 207 106 26.06;
1131, 683 881 106 26.12;
1132, 682 209 106 26.12;
1133, 682 990 106 26.12;
1134, 683 153 106 26.12;
1135, 683 958 106 26.06;
1136, 683 152 105 26.06;
1137, 683 649 107 26.12;
1138, 683 697 107 26.06;
1139, 683 207 106 26.12;
1140, 683 916 106 26.06;
1141, 683 259 105 26.06;
1142, 683 1019 106 26.06;
1143, 682 149 106 26.06;
1144, 683 844 106 26.06;
1145, 682 467 106 26.12;
1146, 682 218 105 26.06;
1147, 682 1012 106 26.12;
1148, 682 315 106 26.06;
1149, 682 678 106 26.06;
1150, 682 658 107 26.12;
1151, 682 119 107 26.12;
1152, 682 1007 106 26.12;
1153, 682 203 106 26.12;
1154, 682 872 106 26.06;
1155, 682 500 106 26.06;
1156, 682 132 106 26.06;
1157, 682 1008 106 26.06;
1158, 682 148 106 26.06;
1159, 682 991 106 26.06;
1160, 683 248 106 26.06;
1161, 682 910 106 26.06;
1162, 682 244 107 26.06;
1163, 682 793 106 26.12;
1164, 682 498 106 26.06;
1165, 683 739 106 26.06;
1166, 682 368 106 26.12;
1167, 682 653 106 26.12;
1168, 682 755 106 26.19;
1169, 682 125 107 26.12;
1170, 682 1013 106 26.12;
1171, 682 150 106 26.12;
1172, 682 859 106 26.12;
1173, 682 433 106 26.12;
1174, 682 124 105 26.06;
1175, 682 1021 106 26.06;
1176, 682 142 105 26.06;
1177, 682 993 106 26.06;
1178, 682 148 106 26.12;
1179, 683 994 105 26.12;
1180, 682 166 105 26.12;
1181, 682 925 106 26.06;
1182, 682 152 105 26.12;
1183, 682 999 106 26.12;
1184, 682 138 106 26.12;
1185, 682 1000 107 26.12;
1186, 682 143 106 26.12;
1187, 682 1005 106 26.12;
1188, 683 152 105 26.12;
1189, 683 992 106 26.12;
1190, 682 144 106 26.12;
1191, 683 1010 106 26.12;
1192, 683 312 106 26.12;
1193, 682 912 107 26.12;
1194, 682 148 105 26.12;
1195, 682 999 107 26.12;
1196, 683 143 105 26.12;
1197, 682 994 107 26.12;
1198, 683 163 105 26.06;
1199, 682 995 106 26.12;
1200, 682 238 105 26.12;
1201, 682 823 106 26.12;
1202, 682 415 107 26.12;
1203, 683 826 105 26.12;
1204, 682 198 106 26.12;
1205, 0 347 115 26.31;
1206, 374 448 114 26.25;
1207, 468 502 113 26.31;
1208, 527 538 115 26.31;
1209, 560 562 114 0.;
1210, 618 551 113 26.31;
1211, 623 517 114 26.37;
1212, 625 482 113 26.31;
1213, 626 459 113 26.31;
1214, 626 446 114 26.31;
1215, 626 437 113 26.31;
1216, 625 430 113 26.37;
1217, 626 425 114 26.37;
1218, 625 421 114 26.37;
1219, 626 418 113 26.31;
1220, 625 415 113 26.31;
1221, 624 413 113 26.31;
1222, 624 411 114 26.37;
1223, 624 409 113 26.31;
1224, 623 409 114 26.37;
1225, 623 408 114 26.31;
1226, 623 408 114 26.37;
1227, 623 407 114 26.37;
1228, 0 113 26 26.37;
1229, 0 450 112 26.44;
1230, 631 450 113 26.44;
1231, 630 451 114 26.37;
1232, 630 451 113 26.44;
1233, 630 451 114 26.44;
1234, 630 451 114 26.44;
1235, 630 451 114 26.44;
1236, 630 451 114 26.44;
1237, 630 451 113 26.44;
1238, 630 452 113 26.37;
1239, 631 451 113 26.44;
1240, 630 452 114 26.44;
1241, 630 452 113 26.44;
1242, 630 452 113 26.44;
1243, 630 452 113 26.44;
1244, 629 452 113 26.44;
1245, 629 451 112 0.;
1246, 628 452 113 26.5;
1247, 629 452 112 26.44;
1248, 628 452 113 26.44;
1249, 629 453 114 26.44;
1250, 629 452 112 26.44;
1251, 629 453 112 26.5;
1252, 629 453 114 26.5;
1253, 629 454 113 26.44;
1254, 629 454 114 26.44;
1255, 630 453 113 26.5;
1256, 630 454 113 26.44;
1257, 631 455 114 26.5;
1258, 631 455 112 26.5;
1259, 631 455 114 26.44;
1260, 632 455 114 26.44;
1261, 632 455 112 26.44;
1262, 631 455 113 26.5;
1263, 632 454 112 26.5;
1264, 0 455 113 26.44;
1265, 455 114 26 26.44;
1266, 0 114 26 26.44;
1267, 632 456 114 26.5;
1268, 632 455 113 26.5;
1269, 633 456 113 26.44;
1270, 633 455 112 26.5;
1271, 633 456 113 26.5;
1272, 633 456 113 26.5;
1273, 633 457 113 26.5;
1274, 633 456 113 26.5;
1275, 633 456 114 26.5;
1276, 633 456 114 26.5;
1277, 633 456 113 26.5;
1278, 633 457 113 26.5;
1279, 632 456 113 26.5;
1280, 633 456 113 26.5;
1281, 632 456 113 26.5;
1282, 632 456 113 26.5;
1283, 458 114 26 26.5;
1284, 0 26 26 26.5;
1285, 0 458 114 26.56;
1286, 0 458 113 26.56;
1287, 0 26 113 26.56;
1288, 0 459 113 26.62;
1289, 0 458 113 26.56;
1290, 0 459 114 26.56;
1291, 0 460 114 26.62;
1292, 636 460 113 26.62;
1293, 635 461 113 26.62;
1294, 636 461 114 26.69;
1295, 636 463 113 26.62;
1296, 636 461 113 26.62;
1297, 636 460 112 26.62;
1298, 635 460 113 26.69;
1299, 636 460 114 26.62;
1300, 636 461 114 26.62;
1301, 636 461 113 26.62;
1302, 635 459 113 26.69;
1303, 635 0 26 26.69;
1304, 0 460 113 26.69;
1305, 635 461 112 26.69;
1306, 635 461 114 26.69;
1307, 635 462 113 26.69;
1308, 635 461 113 26.62;
1309, 635 462 114 26.69;
1310, 635 462 114 26.62;
1311, 635 462 114 26.69;
1312, 635 462 114 26.69;
1313, 635 462 114 26.69;
1314, 635 462 114 26.69;
1315, 634 462 114 26.69;
1316, 634 462 113 26.69;
1317, 634 461 113 26.69;
1318, 633 462 114 26.69;
1319, 632 462 113 26.69;
1320, 632 462 114 26.69;
1321, 632 462 114 26.69;
1322, 0 114 26 26.69;
1323, 632 463 114 26.69;
1324, 632 463 114 26.69;
1325, 633 463 114 26.69;
1326, 632 463 114 26.75;
1327, 631 463 113 26.69;
1328, 631 463 114 26.75;
1329, 631 462 112 26.69;
1330, 631 464 114 26.69;
1331, 630 463 113 26.75;
1332, 630 464 113 26.75;
1333, 632 464 113 26.75;
1334, 632 465 114 26.75;
1335, 631 464 113 26.75;
1336, 632 464 112 26.75;
1337, 632 465 114 26.69;
1338, 631 464 113 26.75;
1339, 631 464 113 26.75;
1340, 632 465 114 0.;
1341, 62 465 114 0.;
1342, 640 482 114 28.56;
1343, 640 482 112 28.62;
1344, 640 482 114 28.62;
1345, 640 482 113 28.56;
1346, 640 482 114 28.56;
1347, 640 482 113 28.62;
1348, 640 482 113 28.62;
1349, 640 482 113 28.62;
1350, 640 482 113 28.62;
1351, 640 482 114 28.62;
1352, 640 482 114 28.62;
1353, 640 482 114 28.62;
1354, 640 482 114 28.62;
1355, 640 482 114 28.62;
1356, 640 482 113 28.69;
1357, 640 482 113 28.69;
1358, 640 483 114 28.69;
1359, 640 48300 483 114.;
1360, 640 483 112 28.81;
1361, 640 483 113 28.81;
1362, 640 483 114 28.81;
1363, 640 482 112 28.81;
1364, 640 483 114 28.81;
1365, 640 483 113 28.81;
1366, 640 484 113 28.81;
1367, 640 483 113 28.81;
1368, 640 483 113 28.81;
1369, 640 483 113 28.81;
1370, 640 483 114 28.81;
1371, 640 484 114 28.81;
1372, 640 484 113 28.81;
1373, 640 483 113 28.81;
1374, 640 484 113 28.87;
1375, 640 483 112 28.81;
1376, 640 483 113 28.81;
1377, 640 484 483 114.;
1378, 640 483 112 28.81;
1379, 640 483 113 28.87;
1380, 640 484 113 28.87;
1381, 640 484 113 28.87;
1382, 640 483 113 28.87;
1383, 640 484 114 28.87;
1384, 640 484 0 0.;
1385, 640 0 112 28.87;
1386, 640 484 113 0.;
1387, 640 484 112 28.94;
1388, 640 483 112 28.94;
1389, 640 484 114 28.87;
1390, 640 484 113 28.87;
1391, 640 483 113 28.94;
1392, 640 484 112 28.94;
1393, 640 484 0 28.94;
1394, 640 484 114 28.87;
1395, 640 484 113 28.87;
1396, 640 484 114 28.94;
1397, 640 483 113 28.94;
1398, 640 484 113 28.94;
1399, 640 484 113 29.;
1400, 640 484 114 28.94;
1401, 640 484 114 28.94;
1402, 640 484 113 28.94;
1403, 640 484 114 28.94;
1404, 641 484 113 28.94;
1405, 641 485 114 29.;
1406, 640 484 113 29.;
1407, 640 485 114 29.;
1408, 640 484 113 29.;
1409, 641 484 113 29.;
1410, 640 484 113 29.;
1411, 640 485 114 0.;
1412, 640 485 113 29.;
1413, 641 485 114 29.;
1414, 640 484 113 29.;
1415, 640 485 114 29.;
1416, 640 484 113 29.;
1417, 641 484 113 28.94;
1418, 640 0 113 0.;
1419, 640 0 113 0.;
1420, 640 485 112 29.;
1421, 640 485 114 29.;
1422, 640 485 113 29.;
1423, 640 485 114 29.;
1424, 640 485 114 29.;
1425, 640 484 112 29.;
1426, 640 485 0 485.;
1427, 639 485 114 29.06;
1428, 640 485 114 29.12;
1429, 640 485 113 29.06;
1430, 639 485 113 29.06;
1431, 640 485 113 29.06;
1432, 640 486 113 29.12;
1433, 640 485 114 29.06;
1434, 640 486 112 29.06;
1435, 639 485 113 29.06;
1436, 640 485 113 29.06;
1437, 639 485 113 29.06;
1438, 639 485 114 29.06;
1439, 640 486 113 29.06;
1440, 640 486 113 29.12;
1441, 640 485 112 29.06;
1442, 639 486 113 29.12;
1443, 639 486 114 29.12;
1444, 639 486 29 29.12;
1445, 639 486 113 29.12;
1446, 639 486 113 29.12;
1447, 639 486 113 29.12;
1448, 639 486 113 29.12;
1449, 639 486 113 29.12;
1450, 639 486 113 29.12;
1451, 639 486 113 29.12;
1452, 639 486 113 29.19;
1453, 639 486 112 29.12;
1454, 639 486 114 29.12;
1455, 639 486 113 29.12;
1456, 639 486 114 29.12;
1457, 639 486 114 29.19;
1458, 638 486 113 29.19;
1459, 638 486 113 29.19;
1460, 639 486 113 29.19;
1461, 639 487 113 29.19;
1462, 638 487 114 29.25;
1463, 637 487 113 29.25;
1464, 636 486 114 29.25;
1465, 636 486 112 29.19;
1466, 634 486 112 29.25;
1467, 635 486 113 29.25;
1468, 634 486 114 29.25;
1469, 633 486 113 29.25;
1470, 634 486 114 29.25;
1471, 634 486 113 29.25;
1472, 634 487 113 29.25;
1473, 634 487 114 29.31;
1474, 634 487 114 29.25;
1475, 633 487 113 29.25;
1476, 633 487 113 29.25;
1477, 633 487 114 29.25;
1478, 634 486 112 29.25;
1479, 634 488 112 29.25;
1480, 633 487 112 29.25;
1481, 0 488 113 29.25;
1482, 633 488 114 29.31;
1483, 633 488 113 29.25;
1484, 633 488 113 29.25;
1485, 633 489 112 29.31;
1486, 633 488 113 29.31;
1487, 632 489 114 29.25;
1488, 632 488 113 29.31;
1489, 633 488 112 29.31;
1490, 633 490 113 29.31;
1491, 632 489 114 29.31;
1492, 632 489 113 29.31;
1493, 632 489 114 29.31;
1494, 633 489 114 29.31;
1495, 633 490 114 29.37;
1496, 634 490 112 29.31;
1497, 634 490 114 29.31;
1498, 634 490 114 29.;
1499, 635 490 114 29.37;
1500, 636 491 113 29.31;
1501, 635 490 113 29.31;
1502, 636 490 113 29.37;
1503, 636 491 114 29.37;
1504, 636 491 114 29.37;
1505, 637 490 113 29.37;
1506, 637 490 113 29.37;
1507, 636 490 113 29.37;
1508, 635 489 113 29.37;
1509, 635 490 113 29.37;
1510, 636 490 113 29.44;
1511, 636 490 113 29.37;
1512, 636 490 113 29.37;
1513, 637 490 114 29.37;
1514, 637 490 113 29.37;
1515, 638 490 113 29.37;
1516, 638 490 491 112.;
1517, 638 491 114 29.44;
1518, 638 490 114 29.44;
1519, 638 491 113 29.44;
1520, 639 491 113 29.37;
1521, 639 490 113 29.44;
1522, 639 491 113 29.44;
1523, 639 490 114 29.44;
1524, 639 491 114 29.44;
1525, 640 490 112 29.44;
1526, 639 490 113 29.44;
1527, 640 491 113 29.44;
1528, 640 491 113 29.44;
1529, 640 491 113 29.44;
1530, 640 490 113 29.44;
1531, 640 491 113 29.44;
1532, 640 490 114 29.44;
1533, 640 490 113 29.44;
1534, 640 490 490 113.;
1535, 640 490 113 29.5;
1536, 640 490 113 29.44;
1537, 641 490 114 29.44;
1538, 640 490 113 29.44;
1539, 641 490 112 29.5;
1540, 641 489 113 29.5;
1541, 640 490 113 29.5;
1542, 640 490 114 29.5;
1543, 640 490 114 29.5;
1544, 640 490 114 29.5;
1545, 640 490 114 29.5;
1546, 640 490 113 29.5;
1547, 640 489 113 29.5;
1548, 640 490 113 29.5;
1549, 640 490 112 29.5;
1550, 640 490 114 29.5;
1551, 640 490 112 29.5;
1552, 640 490 114 29.5;
1553, 639 489 113 29.56;
1554, 640 490 113 29.44;
1555, 640 490 113 29.5;
1556, 640 489 113 29.5;
1557, 639 490 113 29.5;
1558, 639 490 114 29.5;
1559, 639 490 113 29.5;
1560, 639 490 114 29.5;
1561, 638 489 113 29.5;
1562, 639 489 113 29.5;
1563, 639 490 113 29.5;
1564, 639 490 113 29.5;
1565, 639 489 113 29.5;
1566, 639 490 112 29.5;
1567, 638 490 114 29.5;
1568, 638 490 113 29.56;
1569, 638 490 114 29.5;
1570, 639 490 112 0.;
1571, 638 490 112 29.5;
1572, 639 490 113 29.56;
1573, 639 491 112 29.5;
1574, 639 490 113 29.56;
1575, 638 490 113 29.5;
1576, 638 490 114 29.56;
1577, 639 491 114 0.;
1578, 639 491 113 29.56;
1579, 639 491 114 29.56;
